province,rain2554,rain2558,raincount2554,raincount2558
กาญจนบุรี,1184.5, 963.2 ,104,97
จันทบุรี,2472.9,2721.4,163,157
ชลบุรี,1388.8,1046.2,116,101
ตราด,5496.3,3918.3,209,160
ประจวบคีรีขันธุ์,901.5,968.3,132,109
ปราจีนบุรี,2468.5,1628,121,149
เพชรบุรี,977.7,794.2,111,103
ระยอง,1650.4,1449.7,133,113
ลพบุรี,1270.6,1185.2,117,101
สมุทรปราการ,1019.3,758.6,133,103
สระแก้ว,1429.4,978,140,100
สุพรรณบุรี,999.9,960.4,117,86
กำแพงเพชร,1594.2,967,148,112
เชียงใหม่,1449.5,831.8,144,110
เชียงราย,2042.6,1436.2,144,133
เพชรบูรณ์,1602.1,827.6,132,89
พิษณุโลก,1853.6,891.3,138,102
แพร่,1550,902.3,143,108
ลำปาง,1862.3,916.8,136,108
ลำพูน,1706.2,1076.1,129,84
สุโขทัย,1940.5,869.4,136,102
อุตรดิตถ์,2112.2,856.5,135,90
ตาก,1407.5,778.6,131,91
นครสวรรค์,1547,717.4,144,105
น่าน,1954.4,1130.5,125,119
พะเยา,1391.4,807.5,128,90
แม่ฮ่องสอน,1686.1,1064.9,148,127
กาฬสินธุ์,1553.2,27.2,127,33
ขอนแก่น,1230.1,998.9,110,106
ชัยภูมิ,1274.3,912.8,120,108
นครพนม,2719.4,2079.2,139,127
นครราชสีมา,1208.6,1171.4,126,104
บุรีรัมย์,1799.8,1029.3,128,91
มหาสารคาม,1365.9,832,112,89
ร้อยเอ็ด,1550.1,1051.7,120,105
เลย,1972.7,862.3,142,109
สกลนคร,1892.6,1439.6,135,121
สุรินทร์,1804.6,1258.6,126,108
หนองคาย,2408.8,1523.5,130,112
อุดรธานี,1714.5,1129.1,132,117
อุบลราชธานี,1956.9,1258.6,126,108
มุกดาหาร,1775.2,1013.9,123,91
กระบี่,2473.4,1976,180,137
พังงา,3274.5,4281.2,214,172
ชุมพร,2044.8,2107.8,167,167
ตรัง,2317,1973.5,176,168
นครศรีธรรมราช,4177.9,2091,195,158
นราธิวาส,4000.8,1987.2,197,148
ปัตตานี,2290.3,1189.7,179,127
ภูเก็ต,2400.6,2458.7,188,159
ระนอง,4150.8,3596.2,203,175
สงขลา,2966.1,1573.8,176,147
สตูล,2373.7,2649.3,196,169
สุราษฎร์ธานี,1970.8,1454.9,173,150
